,NumStreet_1,NumStreet_0,Unnamed: 0_1,Unnamed: 0_0,Unnamed: 0.1_1,Unnamed: 0.1_0,ViolentCrimesPerPop_1,ViolentCrimesPerPop_0,attr_1,attr_0,delta,experiment
0,0.0025714285714285717,0.00228813559322034,982.7047619047619,959.8491525423728,982.7047619047619,959.8491525423728,0.08571428571428572,0.013559322033898305,65,358,1.8439452223986252,fairlearn
1,0.005625000000000001,0.002724014336917563,1564.6875,1519.0430107526881,1564.6875,1519.0430107526881,0.020833333333333332,0.0,65,358,0.0,fairlearn
2,0.007976190476190479,0.005178947368421051,756.6547619047619,804.0126315789473,756.6547619047619,804.0126315789473,0.05952380952380952,0.004210526315789474,65,358,2.6487887370654826,fairlearn
3,0.002777777777777778,0.0010610932475884243,501.1111111111111,533.144694533762,501.1111111111111,533.144694533762,0.2222222222222222,0.03215434083601286,65,358,1.9331304224089145,fairlearn
4,0.05309999999999999,0.010552922590837276,933.59,976.1532385466035,933.59,976.1532385466035,0.11,0.01263823064770932,65,358,2.1637539672746193,fairlearn
5,0.03344262295081967,0.0043599999999999976,743.1147540983607,799.404,743.1147540983607,799.404,0.03278688524590164,0.002,65,358,2.796881414808826,fairlearn
6,0.010860215053763441,0.00409302325581395,958.3225806451613,991.6062015503876,958.3225806451613,991.6062015503876,0.053763440860215055,0.004651162790697674,65,358,2.447476447408507,fairlearn
7,0.013921568627450982,0.00593846153846154,717.5686274509804,681.5876923076924,717.5686274509804,681.5876923076924,0.09803921568627451,0.006153846153846154,65,358,2.7682902814795667,fairlearn
8,0.02616666666666667,0.011740506329113923,821.1333333333333,879.496835443038,821.1333333333333,879.496835443038,0.08333333333333333,0.03164556962025317,65,358,0.9682504708048659,fairlearn
9,0.011076923076923076,0.005167597765363131,1405.246153846154,1360.8379888268157,1405.246153846154,1360.8379888268157,0.07692307692307693,0.019553072625698324,65,358,1.3696734798838504,fairlearn
